g++ -I src -isystem lib/eigen_3.2.0 -isystem lib/boost_1.54.0 -Wall -DBOOST_RESULT_OF_USE_TR1 -DBOOST_NO_DECLTYPE -DBOOST_DISABLE_ASSERTS -pipe -DEIGEN_NO_DEBUG -Wno-unused-function -ftemplate-depth-256   -c -O3 -DGTEST_USE_OWN_TR1_TUPLE -I lib/gtest_1.7.0/include -I lib/gtest_1.7.0 src/test/unit/prob/distributions/multivariate/continuous/cholesky5_test.cpp -o test/unit/prob/distributions/multivariate/continuous/cholesky5.o
g++ -I src -isystem lib/eigen_3.2.0 -isystem lib/boost_1.54.0 -Wall -DBOOST_RESULT_OF_USE_TR1 -DBOOST_NO_DECLTYPE -DBOOST_DISABLE_ASSERTS -pipe -DEIGEN_NO_DEBUG -Wno-unused-function -ftemplate-depth-256    -O3 lib/gtest_1.7.0/src/gtest_main.cc test/unit/prob/distributions/multivariate/continuous/cholesky5.o -DGTEST_USE_OWN_TR1_TUPLE -I lib/gtest_1.7.0/include -I lib/gtest_1.7.0 -o test/unit/prob/distributions/multivariate/continuous/cholesky5 test/libgtest.a -Lbin -lstan
test/unit/prob/distributions/multivariate/continuous/cholesky5 --gtest_output="xml:test/unit/prob/distributions/multivariate/continuous/cholesky5.xml"
Running main() from gtest_main.cc
[==========] Running 1 test from 1 test case.
[----------] Global test environment set-up.
[----------] 1 test from generating
[ RUN      ] generating.lkj
           1            0            0            0            0            0            0            0            0            0            0            0            0            0            0            0            0            0            0            0            0            0            0            0            0            0            0            0            0            0            0            0
  -0.0798174     0.996809            0            0            0            0            0            0            0            0            0            0            0            0            0            0            0            0            0            0            0            0            0            0            0            0            0            0            0            0            0            0
    0.126677     0.194489     0.972691            0            0            0            0            0            0            0            0            0            0            0            0            0            0            0            0            0            0            0            0            0            0            0            0            0            0            0            0            0
   -0.127626     0.215017    0.0652387     0.966035            0            0            0            0            0            0            0            0            0            0            0            0            0            0            0            0            0            0            0            0            0            0            0            0            0            0            0            0
 -0.00210101   -0.0474952    -0.229575     0.112425     0.965607            0            0            0            0            0            0            0            0            0            0            0            0            0            0            0            0            0            0            0            0            0            0            0            0            0            0            0
 -0.00811643    0.0848244    0.0396415   0.00569241      0.23402     0.967662            0            0            0            0            0            0            0            0            0            0            0            0            0            0            0            0            0            0            0            0            0            0            0            0            0            0
   -0.139513     0.140406   -0.0796847   -0.0546534     0.130318    0.0814108     0.963263            0            0            0            0            0            0            0            0            0            0            0            0            0            0            0            0            0            0            0            0            0            0            0            0            0
  -0.0612899    -0.138036    -0.158854   0.00343279     0.053271    0.0919182     0.368894      0.89698            0            0            0            0            0            0            0            0            0            0            0            0            0            0            0            0            0            0            0            0            0            0            0            0
   -0.100861     0.316222   -0.0477429    0.0265697   -0.0566698     0.372597     0.183036   0.00279088     0.843383            0            0            0            0            0            0            0            0            0            0            0            0            0            0            0            0            0            0            0            0            0            0            0
  -0.0648657    -0.225705     -0.10109    -0.122731    -0.190779    -0.283836    0.0711819   -0.0140562   -0.0212427     0.892688            0            0            0            0            0            0            0            0            0            0            0            0            0            0            0            0            0            0            0            0            0            0
   0.0815293   0.00581689      0.18925     0.107572     0.137994     0.229084    0.0913519     0.138879   -0.0538199  -0.00313517     0.918625            0            0            0            0            0            0            0            0            0            0            0            0            0            0            0            0            0            0            0            0            0
  -0.0288771   -0.0942989      0.22364   -0.0254105     0.226396     0.149297   -0.0321076   -0.0962229     -0.11807    0.0905258     0.139582     0.902308            0            0            0            0            0            0            0            0            0            0            0            0            0            0            0            0            0            0            0            0
   -0.100155     0.194793     0.397293    0.0292543     0.379554      0.13267    0.0743559   -0.0594822      0.10822    0.0693776    0.0716722  -0.00226889     0.775197            0            0            0            0            0            0            0            0            0            0            0            0            0            0            0            0            0            0            0
    0.221273     0.491865    0.0594267     0.081711 -0.000634863    -0.112991   -0.0501325    0.0311948    0.0724293    -0.245689    0.0817643   -0.0400862    -0.139897     0.767576            0            0            0            0            0            0            0            0            0            0            0            0            0            0            0            0            0            0
    -0.26683    -0.133299     0.303362    0.0175281     0.106148     0.141317   -0.0070529    0.0722367    0.0645274     0.281693   -0.0884215   0.00314175    -0.123226     0.398095     0.719155            0            0            0            0            0            0            0            0            0            0            0            0            0            0            0            0            0
    0.552868     0.101899     0.081079    0.0317823   -0.0132005    -0.100572   -0.0400553     0.101367    0.0569417    -0.131232   -0.0605515    0.0603013    0.0161859     0.128263   -0.0230008     0.780507            0            0            0            0            0            0            0            0            0            0            0            0            0            0            0            0
   0.0265257    -0.029194     0.208676     0.150139     0.278145     0.347446     0.133161    -0.377413     0.142606    0.0260209     0.268832    -0.117503    -0.133772   -0.0660708     0.016893    -0.341895     0.572339            0            0            0            0            0            0            0            0            0            0            0            0            0            0            0
    0.122647     -0.35796    0.0251802   -0.0780014  -0.00699762      0.46713    0.0623072  -0.00366502     0.157833    0.0654027   -0.0929257     -0.18724   -0.0307786     0.165693     0.190119    0.0966089     0.010285     0.693599            0            0            0            0            0            0            0            0            0            0            0            0            0            0
    0.142274      -0.0876    -0.106832    -0.229002     0.247322    -0.158246    -0.117497    -0.358915   -0.0796202    -0.128923     0.307197    -0.185979   -0.0417324     0.279517   -0.0187698     0.191732     0.121139   -0.0954611     0.621854            0            0            0            0            0            0            0            0            0            0            0            0            0
  -0.0964371   -0.0209801     0.288811    -0.213411     0.414327     -0.11686    0.0084304    -0.181637     0.100113    -0.173679    -0.258737     0.164872   -0.0446206    -0.219719     -0.14575   -0.0963111     0.212715    0.0566703   -0.0530189     0.613635            0            0            0            0            0            0            0            0            0            0            0            0
    0.294077  -0.00872862   -0.0515186    -0.472303    0.0116633    0.0237773    -0.118704   -0.0216362     0.303439      0.12378    -0.143742    0.0318861   -0.0143878     0.058008     0.208113     0.167855     0.134015   -0.0482213   -0.0713391    0.0905825     0.659352            0            0            0            0            0            0            0            0            0            0            0
    0.147334    -0.461757   -0.0413499    -0.217789     0.156992    0.0395723    -0.113699    -0.176385     0.183356     0.185989     0.150328    -0.101696    0.0696822    0.0602003    -0.116825  -0.00689933    0.0075553     0.129919    -0.128881    -0.164303    -0.344163     0.585972            0            0            0            0            0            0            0            0            0            0
    0.195765    -0.141011   -0.0821621     0.448937    -0.133888   -0.0224897      0.25583     0.392227     0.211932    0.0827941     0.193064   -0.0931963    -0.216163   -0.0608634    -0.377686    0.0774414     0.123562    0.0220938   -0.0423375    0.0519557    -0.312412     0.050952     0.280224            0            0            0            0            0            0            0            0            0
    0.188479    -0.073623     0.363986   -0.0379369     0.288502    0.0229293     0.101254    0.0486563    0.0302785     0.311668    0.0550978    0.0128599    0.0686915       0.1232     0.211457   -0.0210299     -0.10941    0.0573369    -0.226564     0.221049        0.176     -0.14346    -0.186756     0.600464            0            0            0            0            0            0            0            0
  -0.0789252    -0.128381     0.247551    0.0466689   -0.0587958     0.120458    -0.222902  -0.00457885    -0.126286    -0.054181     0.265293    -0.238782   -0.0118271   -0.0501107    -0.127735    0.0604394   -0.0135943    -0.127183     0.178627   -0.0340184    -0.115145    -0.149354     0.275314     0.066311      0.71559            0            0            0            0            0            0            0
   -0.175769     0.344846    -0.237096   -0.0946777      0.19005     0.205307    0.0322929    -0.179498    -0.125037    0.0209804    -0.182231    0.0369473    0.0249315     0.169555    -0.190169    -0.011832   -0.0109292    -0.219183     0.137351    0.0853059        -0.25   -0.0933746    -0.207313   -0.0477714     0.268276     0.542585            0            0            0            0            0            0
    0.200853     0.259322     0.281936    -0.199384    -0.291348     0.138889   -0.0627872    -0.082016    -0.180554    -0.165567   0.00826548      0.16042     -0.23364   -0.0754073     0.171369     0.168283    -0.233584   -0.0891133     0.132503    -0.191232   -0.0745677      0.02159    0.0403384    -0.294653    0.0390276    -0.123364     0.476135            0            0            0            0            0
   0.0123725    -0.281267    0.0989333   -0.0760112     0.141143     0.292518    -0.231026     0.208759  -0.00861186    0.0205867   -0.0672353     0.317217    -0.060609      0.12611    0.0424711    -0.244822    -0.123933    0.0861038    -0.543307     0.115339   -0.0909798    0.0343464     0.196274    0.0785578    -0.193023    -0.198648    0.0669042      0.22172            0            0            0            0
   -0.142967   -0.0356624  -0.00949563     0.256443   0.00796627    -0.168255     0.145928    -0.214886     -0.13622   -0.0170358     0.206257    -0.160528      0.25175     0.181393   -0.0972342     0.077164   -0.0822177     -0.28783    -0.167505    -0.105397    -0.468545    -0.135875    0.0544509   -0.0212152   -0.0570724    0.0851769    -0.201775    -0.111002     0.428968            0            0            0
   -0.266589    -0.110312     0.109594    0.0465408    0.0543726     0.254704   -0.0964765   0.00801053    0.0133606    -0.113284    0.0078707   -0.0619662    -0.292005   -0.0866939     0.247748    -0.204651   -0.0220927    -0.121408    -0.348763    -0.229203   -0.0848964     0.136333    -0.106129     0.202205      0.36787     0.184771     -0.31788   -0.0610578     0.252561    0.0839739            0            0
   0.0486617    -0.156284   -0.0423185    -0.274459    0.0100779    0.0783354    0.0174528    0.0886161     0.162393    0.0978993    -0.144598    -0.124608    0.0175288     0.406224    -0.117789   -0.0301009  -0.00933278    -0.014173    -0.233176    -0.112034    -0.132457     0.109685    -0.112426    -0.566899    -0.213161     0.147455    -0.155525    0.0459209     0.154761   -0.0434545     0.281209            0
    0.020603      0.19494   -0.0922853    0.0493723   -0.0106007     0.169916    -0.412721    0.0795484     0.102826     0.226382   -0.0694989   -0.0711209    -0.213126    -0.297432     0.137498      0.33373    0.0407184   -0.0177339    -0.257544     0.355875    0.0934082  -0.00386178   -0.0852511    -0.142778    -0.117054    -0.252672     0.161983    -0.050675   -0.0338054   -0.0933055  0.000559364     0.248087
[       OK ] generating.lkj (2 ms)
[----------] 1 test from generating (2 ms total)

[----------] Global test environment tear-down
[==========] 1 test from 1 test case ran. (2 ms total)
[  PASSED  ] 1 test.
