g++ -I src -isystem lib/eigen_3.2.0 -isystem lib/boost_1.54.0 -Wall -DBOOST_RESULT_OF_USE_TR1 -DBOOST_NO_DECLTYPE -DBOOST_DISABLE_ASSERTS -pipe -DEIGEN_NO_DEBUG -Wno-unused-function -ftemplate-depth-256   -c -O3 -DGTEST_USE_OWN_TR1_TUPLE -I lib/gtest_1.7.0/include -I lib/gtest_1.7.0 src/test/unit/prob/distributions/multivariate/continuous/cholesky6_test.cpp -o test/unit/prob/distributions/multivariate/continuous/cholesky6.o
g++ -I src -isystem lib/eigen_3.2.0 -isystem lib/boost_1.54.0 -Wall -DBOOST_RESULT_OF_USE_TR1 -DBOOST_NO_DECLTYPE -DBOOST_DISABLE_ASSERTS -pipe -DEIGEN_NO_DEBUG -Wno-unused-function -ftemplate-depth-256    -O3 lib/gtest_1.7.0/src/gtest_main.cc test/unit/prob/distributions/multivariate/continuous/cholesky6.o -DGTEST_USE_OWN_TR1_TUPLE -I lib/gtest_1.7.0/include -I lib/gtest_1.7.0 -o test/unit/prob/distributions/multivariate/continuous/cholesky6 test/libgtest.a -Lbin -lstan
test/unit/prob/distributions/multivariate/continuous/cholesky6 --gtest_output="xml:test/unit/prob/distributions/multivariate/continuous/cholesky6.xml"
Running main() from gtest_main.cc
[==========] Running 1 test from 1 test case.
[----------] Global test environment set-up.
[----------] 1 test from generating
[ RUN      ] generating.lkj
           1            0            0            0            0            0            0            0            0            0            0            0            0            0            0            0            0            0            0            0            0            0            0            0            0            0            0            0            0            0            0            0            0            0            0            0            0            0            0            0            0            0            0            0            0            0            0            0            0            0            0            0            0            0            0            0            0            0            0            0            0            0            0            0
  -0.0515756     0.998669            0            0            0            0            0            0            0            0            0            0            0            0            0            0            0            0            0            0            0            0            0            0            0            0            0            0            0            0            0            0            0            0            0            0            0            0            0            0            0            0            0            0            0            0            0            0            0            0            0            0            0            0            0            0            0            0            0            0            0            0            0            0
    0.088085    0.0286579     0.995701            0            0            0            0            0            0            0            0            0            0            0            0            0            0            0            0            0            0            0            0            0            0            0            0            0            0            0            0            0            0            0            0            0            0            0            0            0            0            0            0            0            0            0            0            0            0            0            0            0            0            0            0            0            0            0            0            0            0            0            0            0
  -0.0944618   -0.0605128     0.137532     0.984124            0            0            0            0            0            0            0            0            0            0            0            0            0            0            0            0            0            0            0            0            0            0            0            0            0            0            0            0            0            0            0            0            0            0            0            0            0            0            0            0            0            0            0            0            0            0            0            0            0            0            0            0            0            0            0            0            0            0            0            0
 -0.00144646    -0.110513    -0.279383    0.0685279     0.951333            0            0            0            0            0            0            0            0            0            0            0            0            0            0            0            0            0            0            0            0            0            0            0            0            0            0            0            0            0            0            0            0            0            0            0            0            0            0            0            0            0            0            0            0            0            0            0            0            0            0            0            0            0            0            0            0            0            0            0
 -0.00554559   -0.0331294    -0.247336    -0.040555      -0.1048     0.961805            0            0            0            0            0            0            0            0            0            0            0            0            0            0            0            0            0            0            0            0            0            0            0            0            0            0            0            0            0            0            0            0            0            0            0            0            0            0            0            0            0            0            0            0            0            0            0            0            0            0            0            0            0            0            0            0            0            0
    0.147302   -0.0742656     -0.10771   -0.0992293    0.0226918   -0.0178818     0.974938            0            0            0            0            0            0            0            0            0            0            0            0            0            0            0            0            0            0            0            0            0            0            0            0            0            0            0            0            0            0            0            0            0            0            0            0            0            0            0            0            0            0            0            0            0            0            0            0            0            0            0            0            0            0            0            0            0
    0.145454     0.309207    0.0145069   -0.0450739    0.0395611     -0.20535    0.0656838     0.912658            0            0            0            0            0            0            0            0            0            0            0            0            0            0            0            0            0            0            0            0            0            0            0            0            0            0            0            0            0            0            0            0            0            0            0            0            0            0            0            0            0            0            0            0            0            0            0            0            0            0            0            0            0            0            0            0
   0.0990478     0.049918    0.0612841    0.0307767    -0.102432    0.0365184   -0.0880295  -0.00930839     0.981495            0            0            0            0            0            0            0            0            0            0            0            0            0            0            0            0            0            0            0            0            0            0            0            0            0            0            0            0            0            0            0            0            0            0            0            0            0            0            0            0            0            0            0            0            0            0            0            0            0            0            0            0            0            0            0
    0.084421     0.122594    -0.199278   -0.0968357    -0.131088   -0.0199244    -0.032107   -0.0315744    -0.119509     0.945972            0            0            0            0            0            0            0            0            0            0            0            0            0            0            0            0            0            0            0            0            0            0            0            0            0            0            0            0            0            0            0            0            0            0            0            0            0            0            0            0            0            0            0            0            0            0            0            0            0            0            0            0            0            0
    0.127154   -0.0784529   -0.0142195     0.107291      0.10557   -0.0585637    0.0257547    0.0126778    -0.121218     0.189277     0.948707            0            0            0            0            0            0            0            0            0            0            0            0            0            0            0            0            0            0            0            0            0            0            0            0            0            0            0            0            0            0            0            0            0            0            0            0            0            0            0            0            0            0            0            0            0            0            0            0            0            0            0            0            0
   0.0583096    -0.241689    0.0747287     0.140791    0.0479047     0.194714    0.0524453    -0.170059    0.0202801   -0.0507824    -0.110198     0.908717            0            0            0            0            0            0            0            0            0            0            0            0            0            0            0            0            0            0            0            0            0            0            0            0            0            0            0            0            0            0            0            0            0            0            0            0            0            0            0            0            0            0            0            0            0            0            0            0            0            0            0            0
  -0.0204185   -0.0961473    0.0975709    -0.340486     0.197307    0.0570023     0.109739   -0.0595508    0.0275497  -0.00320322  -0.00826667     0.122726     0.889506            0            0            0            0            0            0            0            0            0            0            0            0            0            0            0            0            0            0            0            0            0            0            0            0            0            0            0            0            0            0            0            0            0            0            0            0            0            0            0            0            0            0            0            0            0            0            0            0            0            0            0
     0.13958    -0.111856   -0.0363321     0.153365  -0.00881342   -0.0441873    -0.157023     0.257868   -0.0551815     0.227333   -0.0778007     -0.10123    -0.159606     0.868034            0            0            0            0            0            0            0            0            0            0            0            0            0            0            0            0            0            0            0            0            0            0            0            0            0            0            0            0            0            0            0            0            0            0            0            0            0            0            0            0            0            0            0            0            0            0            0            0            0            0
  -0.0343083   0.00965489     0.283407    0.0720561   -0.0020327   -0.0178497    0.0545015    -0.207343     0.050178     0.256364   -0.0435987    -0.115997     0.092321    0.0393973     0.879353            0            0            0            0            0            0            0            0            0            0            0            0            0            0            0            0            0            0            0            0            0            0            0            0            0            0            0            0            0            0            0            0            0            0            0            0            0            0            0            0            0            0            0            0            0            0            0            0            0
  -0.0255306     0.273779   -0.0575799    -0.137017    0.0330524    -0.303711   -0.0473839    -0.274617     -0.12098    0.0401338    -0.100412    0.0179719   -0.0122676    0.0626337    -0.055175      0.83519            0            0            0            0            0            0            0            0            0            0            0            0            0            0            0            0            0            0            0            0            0            0            0            0            0            0            0            0            0            0            0            0            0            0            0            0            0            0            0            0            0            0            0            0            0            0            0            0
  -0.0531514   -0.0348787   -0.0187808    0.0579515     0.083584   -0.0515465   -0.0293108    0.0768705    0.0161348    0.0360774     0.011294     0.290093     0.101782    0.0803367   -0.0484048   -0.0881479     0.929013            0            0            0            0            0            0            0            0            0            0            0            0            0            0            0            0            0            0            0            0            0            0            0            0            0            0            0            0            0            0            0            0            0            0            0            0            0            0            0            0            0            0            0            0            0            0            0
   -0.314967     0.131435     0.137123   -0.0435923   -0.0176137     0.157471    -0.273407     0.159888    0.0177297    0.0127986     0.194279   -0.0735289   -0.0278906      0.15417     0.153419    0.0762053    -0.101333     0.793477            0            0            0            0            0            0            0            0            0            0            0            0            0            0            0            0            0            0            0            0            0            0            0            0            0            0            0            0            0            0            0            0            0            0            0            0            0            0            0            0            0            0            0            0            0            0
   0.0643153     0.125264    -0.210077   0.00371304   -0.0136401    -0.170693   -0.0462316    -0.100757    -0.013006    0.0467633     0.165236    -0.143659   -0.0518566    -0.149446      0.13938     0.174894    0.0730727   -0.0354538     0.873203            0            0            0            0            0            0            0            0            0            0            0            0            0            0            0            0            0            0            0            0            0            0            0            0            0            0            0            0            0            0            0            0            0            0            0            0            0            0            0            0            0            0            0            0            0
    0.122593     0.212497     0.102151   -0.0168063   0.00101129     0.035809   0.00492168   -0.0364248     0.140944   -0.0772269    -0.071301    -0.152314   -0.0184499   -0.0864408     0.116261     0.074256    0.0151136      -0.2263     0.028359     0.890654            0            0            0            0            0            0            0            0            0            0            0            0            0            0            0            0            0            0            0            0            0            0            0            0            0            0            0            0            0            0            0            0            0            0            0            0            0            0            0            0            0            0            0            0
    0.198097      0.40694   0.00465616   -0.0257561   -0.0182707   -0.0882074     0.136328   -0.0971604      0.01631    -0.063879    0.0602215   -0.0622684    0.0535243    0.0364809     0.219699    -0.119449    -0.151989     0.121661    -0.081116    -0.190007     0.774058            0            0            0            0            0            0            0            0            0            0            0            0            0            0            0            0            0            0            0            0            0            0            0            0            0            0            0            0            0            0            0            0            0            0            0            0            0            0            0            0            0            0            0
    0.195098    0.0719308    0.0354314     0.113355   -0.0611694    -0.182041   -0.0717916    -0.137395   -0.0323008   -0.0846884    0.0853053     0.116717      0.10906   -0.0983722   -0.0747904   -0.0402949    0.0800818     0.133251    -0.213486      0.01646    -0.233976     0.836111            0            0            0            0            0            0            0            0            0            0            0            0            0            0            0            0            0            0            0            0            0            0            0            0            0            0            0            0            0            0            0            0            0            0            0            0            0            0            0            0            0            0
   -0.154199    0.0062405   0.00666668  -0.00901216   -0.0488088   -0.0423816  -0.00736585    0.0891191    0.0854136   -0.0660815    -0.105636     0.370149    -0.151024       0.1197    0.0639812    0.0959662    -0.142197    -0.178363     0.119237     0.171433   -0.0617224    0.0516888      0.80715            0            0            0            0            0            0            0            0            0            0            0            0            0            0            0            0            0            0            0            0            0            0            0            0            0            0            0            0            0            0            0            0            0            0            0            0            0            0            0            0            0
    -0.08887    -0.296189  -0.00678451    0.0711234   -0.0591407    -0.220083   -0.0811276    0.0968959    -0.278604   0.00429068   -0.0765366   0.00337125    0.0372999     0.101604    0.0377215    -0.144856    0.0514383   -0.0599197    -0.123597   -0.0192599     0.230103   -0.0546609    0.0414166     0.796368            0            0            0            0            0            0            0            0            0            0            0            0            0            0            0            0            0            0            0            0            0            0            0            0            0            0            0            0            0            0            0            0            0            0            0            0            0            0            0            0
   0.0308852    -0.104687     0.133604     0.119467    0.0252948    -0.305614    0.0558995    -0.302271      0.26739     0.200647   -0.0434456    0.0187224     0.187088   -0.0489122    0.0775205    -0.181671    0.0315369   0.00555589    0.0780455    -0.132324    -0.103785     0.141044     0.171312    0.0753967     0.697643            0            0            0            0            0            0            0            0            0            0            0            0            0            0            0            0            0            0            0            0            0            0            0            0            0            0            0            0            0            0            0            0            0            0            0            0            0            0            0
    0.101063     0.150383    0.0605995     0.215011    -0.103832    0.0312535     0.223529    -0.141463    0.0209298     0.150649    -0.133184    -0.176122     0.210455    0.0617774    -0.030753   -0.0375171   -0.0536792   0.00817786    -0.165255     0.101159    -0.141957    -0.295704    0.0133158   -0.0987328     -0.14535     0.730786            0            0            0            0            0            0            0            0            0            0            0            0            0            0            0            0            0            0            0            0            0            0            0            0            0            0            0            0            0            0            0            0            0            0            0            0            0            0
  -0.0319282   -0.0311723     0.275122    0.0744732    -0.159241   -0.0542677   -0.0150349   -0.0943704    -0.172659    0.0469312     0.100192     0.227588    0.0490224    0.0962463    -0.115031     0.205432    0.0822732    -0.129573    -0.248345   0.00651833   -0.0916985    -0.199314     -0.16544    0.0120951     0.112702     0.182128     0.715254            0            0            0            0            0            0            0            0            0            0            0            0            0            0            0            0            0            0            0            0            0            0            0            0            0            0            0            0            0            0            0            0            0            0            0            0            0
   -0.137142   -0.0614081      -0.1967  -0.00581483    0.0364206   -0.0333245   -0.0397698   -0.0808809     0.123625    -0.149713   -0.0612409    0.0239629    -0.258633     0.112258    -0.158371     0.032228   -0.0104334   0.00433861     0.139522    0.0828902   -0.0567267    0.0121059    -0.132917   0.00295117    0.0332514   -0.0071181    0.0450116     0.854292            0            0            0            0            0            0            0            0            0            0            0            0            0            0            0            0            0            0            0            0            0            0            0            0            0            0            0            0            0            0            0            0            0            0            0            0
   0.0357778    0.0785837     0.086836     0.281259  -0.00302797   -0.0417429     0.214665   -0.0662801   -0.0205639     0.050841    -0.156538    -0.249086     0.111205    0.0433656    0.0846613     0.139525    0.0230886     0.130908    0.0810841   -0.0479849     0.020751   -0.0579477    0.0500773    0.0437745   -0.0108246     0.185849   -0.0910555  3.24691e-05     0.803446            0            0            0            0            0            0            0            0            0            0            0            0            0            0            0            0            0            0            0            0            0            0            0            0            0            0            0            0            0            0            0            0            0            0            0
   -0.197221     0.182831     0.106013     0.035827   -0.0808581   -0.0843828  -0.00594257    0.0165551 -0.000934217  -0.00173962   -0.0346651  -0.00188369     0.243384    -0.020512     0.132148    -0.180308    0.0436104    -0.150454     0.419281     0.155825    0.0532263   -0.0597968     0.179424      0.14477     0.143794    0.0532568     -0.20276   -0.0240381     0.171677     0.641479            0            0            0            0            0            0            0            0            0            0            0            0            0            0            0            0            0            0            0            0            0            0            0            0            0            0            0            0            0            0            0            0            0            0
   -0.143947   -0.0114955   -0.0890766   -0.0031185     0.226423     0.113767    0.0269071   -0.0178915  -0.00843908    0.0382749   -0.0727549     0.103763    -0.101623    0.0369168   -0.0583436    0.0528458    0.0322484   -0.0441442    -0.246948   0.00689535     0.347233   -0.0973908    0.0518573     0.010105   -0.0633999   -0.0104577    0.0433226    -0.085247   -0.0327573    -0.313229     0.749093            0            0            0            0            0            0            0            0            0            0            0            0            0            0            0            0            0            0            0            0            0            0            0            0            0            0            0            0            0            0            0            0            0
    -0.11034    -0.076767     0.103284    -0.129429    0.0409224    0.0685785   -0.0829923   -0.0276527    0.0242647   -0.0510888     0.121743    0.0421551    -0.166513     0.209133   0.00694909   -0.0391043     0.230807   -0.0217295   -0.0982919    0.0595041     0.163814   -0.0629562    0.0288577   0.00206226    0.0447229   -0.0552097     0.121126    -0.125308    -0.191006     0.163375     0.249164     0.767061            0            0            0            0            0            0            0            0            0            0            0            0            0            0            0            0            0            0            0            0            0            0            0            0            0            0            0            0            0            0            0            0
   -0.067695    -0.285682    -0.065522   -0.0568301     0.178961    0.0294549    -0.143389   -0.0440235   -0.0320905   -0.0573528    0.0535065    -0.268477     0.113554    0.0971226    0.0919521      0.19809    0.0792961     0.166208   -0.0817321    0.0864011   -0.0247108    0.0401655    0.0158867    0.0266302   -0.0566052    -0.195854    0.0497945   -0.0899182     0.165669      0.11142     0.213544    -0.181412     0.692719            0            0            0            0            0            0            0            0            0            0            0            0            0            0            0            0            0            0            0            0            0            0            0            0            0            0            0            0            0            0            0
  -0.0991378   -0.0846837     -0.29535     0.158152    -0.129092   -0.0332622   -0.0475797    0.0285434   -0.0276475   -0.0100826    0.0814943    -0.182727    0.0209569   -0.0219002    0.0352028    0.0596977      0.14302    0.0969606    -0.101203   -0.0574707     0.154738    -0.235636    -0.189566 -0.000868291   -0.0091783    0.0859521    -0.158373     0.150495     0.183576    -0.109417    0.0500235    0.0542721   0.00984215     0.733529            0            0            0            0            0            0            0            0            0            0            0            0            0            0            0            0            0            0            0            0            0            0            0            0            0            0            0            0            0            0
  -0.0830521    0.0772928   -0.0080813    -0.143414    0.0046236     0.113237     0.069174   -0.0194041    0.0600627    -0.138921   -0.0323203     0.259998    -0.241437      0.14961   -0.0855039    -0.105935       0.1739   -0.0102596    0.0802774     0.025583     0.201864     0.115537   -0.0345531    -0.139012     0.117022    0.0635148     0.137784   -0.0975084   -0.0397293   -0.0930084     -0.29002   -0.0496332    -0.278248    0.0129948     0.651962            0            0            0            0            0            0            0            0            0            0            0            0            0            0            0            0            0            0            0            0            0            0            0            0            0            0            0            0            0
   -0.011597   -0.0183269   -0.0173735    0.0625495    -0.201693   -0.0525188     0.169696     0.119393    -0.143813     -0.23305    0.0614888   -0.0571829     0.110398    -0.116809   -0.0189016    0.0205149    0.0104846   -0.0652933     0.177136    0.0263042   -0.0683612   -0.0241293   -0.0619261    -0.100692     0.315014    -0.167228    -0.122871    -0.104988   -0.0177264    0.0441972     0.142433     0.196066    -0.156491   -0.0117385     0.259087     0.662141            0            0            0            0            0            0            0            0            0            0            0            0            0            0            0            0            0            0            0            0            0            0            0            0            0            0            0            0
  -0.0174985    0.0193669    0.0251915    0.0175122    0.0538802    0.0896981    -0.195682    -0.235919  -0.00213894   -0.0761318   -0.0404769    -0.207401    -0.084593     0.144793  -0.00961795     0.023261    -0.235921     0.205968   -0.0605581   -0.0551911   -0.0635432     0.026892    -0.179027   -0.0373541     0.107959   -0.0521225     0.277572     0.164493     0.097459   0.00695361     0.220112    -0.186087     0.160713    -0.166945   -0.0377931    0.0363936     0.635386            0            0            0            0            0            0            0            0            0            0            0            0            0            0            0            0            0            0            0            0            0            0            0            0            0            0            0
  -0.0310613    0.0635976     0.017533    -0.156061    -0.160827  -0.00851093   -0.0690268  0.000535766     0.185894    -0.230067    0.0291734   -0.0618338   -0.0713182     0.124186   -0.0205118    -0.212892     0.180443     0.133906     0.303418   -0.0631412    -0.129037    0.0724981    -0.109446   -0.0318101   -0.0735759  -0.00840254   -0.0343931   -0.0611636     0.258328     0.169067   -0.0688664    -0.125763    0.0828491     0.100568   -0.0468743     0.170783     0.197334     0.621457            0            0            0            0            0            0            0            0            0            0            0            0            0            0            0            0            0            0            0            0            0            0            0            0            0            0
  -0.0866254    0.0696382    0.0650173    0.0974361     0.115436     0.223523    -0.140191    -0.027067    -0.131298     0.192127   -0.0950462     0.108969    0.0989165    -0.120215    -0.118542     0.154074    -0.041842    0.0563977   -0.0361789    0.0231812     0.211641  -0.00812029    -0.105789    0.0669233    -0.125546   -0.0212125  0.000263638      -0.1581   0.00957472    0.0996148    0.0981558    0.0725215    0.0361534    0.0110612    -0.147042    0.0770563   -0.0361521     0.133664      0.75603            0            0            0            0            0            0            0            0            0            0            0            0            0            0            0            0            0            0            0            0            0            0            0            0            0
  -0.0644269   -0.0759094   -0.0898797     0.139054   0.00225216    0.0702828    -0.075556     0.114281    -0.104576    -0.143457   -0.0205763  -0.00364833    0.0776369  -0.00198136     -0.16172   -0.0666685   -0.0583225    0.0310334    0.0392428     0.026857   -0.0543322     0.062953   -0.0213004    -0.033861    0.0351327    -0.193217     0.019558     -0.15957    0.0344143   -0.0900396     0.153792    -0.060135   -0.0268485    -0.212901    -0.071695  -0.00332977    -0.142808   -0.0962967     0.115677     0.812414            0            0            0            0            0            0            0            0            0            0            0            0            0            0            0            0            0            0            0            0            0            0            0            0
   0.0637345   -0.0420083     0.178304   -0.0808916    0.0484276    -0.208573    0.0586777   -0.0560769      0.28708    -0.103885   -0.0579552     0.105999   -0.0281264    0.0766236   -0.0341472     0.133299    -0.103527   -0.0529737   -0.0251569     0.225245    0.0043456   -0.0817082     0.117703    -0.190771   -0.0623755   -0.0405935      0.11953    -0.167583   -0.0704192     0.070475    0.0847575 -0.000593869   -0.0412992    0.0207992     0.202479    0.0873493   0.00718145     0.355088    -0.231257   -0.0561152     0.591282            0            0            0            0            0            0            0            0            0            0            0            0            0            0            0            0            0            0            0            0            0            0            0
    0.113765    0.0138782    -0.144929    0.0161611   -0.0990138   -0.0169046    -0.133298    -0.268013    0.0166235    -0.217535     0.150283     -0.14073   -0.0849693   -0.0961475    0.0106841   0.00197237   -0.0831227    -0.117536    0.0737171    -0.133391     0.182149   -0.0928966    0.0736129     0.278226   -0.0401266   -0.0861277     0.200322    0.0584657   -0.0955158    -0.165818    0.0530238    -0.156866     0.334486    0.0654732    0.0941039     0.130242     0.137117    -0.108079     0.197232   -0.0501147     0.120754      0.49566            0            0            0            0            0            0            0            0            0            0            0            0            0            0            0            0            0            0            0            0            0            0
   -0.198879     0.178717    -0.080028    -0.125587    0.0561708    0.0136207    -0.068489    0.0155983     0.013837    -0.122013    0.0340033   -0.0134257     0.124131   -0.0960935    0.0589004    0.0675571    -0.109684     0.112924    -0.115107   -0.0362132    -0.246667    0.0480946    0.0689724    0.0190892    -0.119043    -0.154612    -0.103325   -0.0637834    0.0776185     0.146093    -0.123306   -0.0106978     0.108587    -0.211518    -0.160375    -0.289886    -0.024951   -0.0140041    0.0654393   -0.0302266     0.321826    -0.129633     0.594272            0            0            0            0            0            0            0            0            0            0            0            0            0            0            0            0            0            0            0            0            0
    0.188829    0.0592509    -0.159421  -0.00336269     0.108437   -0.0544323  -0.00819773    0.0100696    0.0757477     0.107016   -0.0581663    0.0236187     0.241176    -0.034298    -0.248202    -0.129061   0.00637039    0.0600912    0.0595362    -0.360872  -0.00082718  -0.00525796    0.0535145     0.190879     0.150795   -0.0405784   -0.0953416    0.0248494   -0.0096395    0.0312295     -0.13721   -0.0502378    -0.170838    0.0460844   -0.0298705     0.026287    -0.105365     0.181529    -0.144559    -0.267179     0.143655   -0.0373831    0.0344265     0.579715            0            0            0            0            0            0            0            0            0            0            0            0            0            0            0            0            0            0            0            0
  -0.0994563     0.352944    -0.098917    -0.141217  -0.00381115     0.162402   -0.0131418    0.0771797   0.00930312    0.0242913    0.0137227   -0.0610239     0.183832    0.0997087   -0.0174058    0.0447318     -0.27857   -0.0820243  0.000156283  -0.00900184   -0.0207912    0.0823028   -0.0488966     0.135418   -0.0339199    -0.152681   -0.0227865    -0.117362    -0.265928     0.146887   -0.0632338      -0.1306    -0.072672     0.225455    -0.124652    0.0891472   -0.0413333     0.223755    0.0585046    0.0132254    -0.210128   -0.0254724   -0.0716946     0.090458     0.543251            0            0            0            0            0            0            0            0            0            0            0            0            0            0            0            0            0            0            0
    0.087738     0.194463    0.0434346    -0.123731     0.100642    0.0338122   -0.0318168    -0.164978   -0.0800773   -0.0491358    -0.161043     0.284386    0.0788924    0.0176374   -0.0233097     0.241741    -0.187323    0.0774197    0.0270232    0.0629335    0.0490672    -0.139577    -0.062634   -0.0403658   -0.0187939   -0.0877643   -0.0639625   -0.0504324     0.029872     0.108071    0.0903517    0.0647436  -0.00957131    -0.178783     -0.08551    0.0424411   -0.0789286   0.00873561     0.045233   0.00736255    -0.219306    0.0895859     0.052755    0.0656895     0.161559      0.68184            0            0            0            0            0            0            0            0            0            0            0            0            0            0            0            0            0            0
  -0.0191646   -0.0847332   -0.0386003    0.0408359     0.154404    -0.090924  -0.00791505    0.0816897    0.0121434    -0.214183 -0.000665276    -0.204546     0.197008     0.268894    -0.156292     0.183537   -0.0871474     0.183642    0.0292949     0.170654    -0.032647     0.085564   -0.0967394     0.130972    0.0636266    0.0125219 -0.000813909   -0.0791247   -0.0968828    0.0587174    -0.163011   -0.0984804    -0.138461    -0.261094  0.000338887   -0.0421536     0.118044     0.172933     0.094624   -0.0659351    -0.093969    0.0641419    -0.190612    -0.169399     0.146584    -0.103543      0.52072            0            0            0            0            0            0            0            0            0            0            0            0            0            0            0            0            0
   -0.267895    -0.177751   -0.0310197   0.00353584    0.0734547    -0.312317   -0.0215878      0.17442     0.125612     0.243548    0.0491123   0.00925083    0.0184088    0.0111358    0.0795874    0.0205705     0.121964    -0.231338    -0.171493    0.0330097   -0.0562182   -0.0599975   -0.0718378  -0.00802037     -0.06974     0.175607  -0.00736089   -0.0991545    0.0752613   -0.0799542    -0.140075   0.00867126 -0.000223814     0.193703   -0.0243878    -0.102788    0.0477573    -0.102426     0.255264  -0.00761106   -0.0730688     0.180391     0.176305     0.159503    0.0605496    0.0649684   -0.0487544     0.507413            0            0            0            0            0            0            0            0            0            0            0            0            0            0            0            0
  -0.0640916    0.0174499     0.115863    -0.169486   -0.0398346    -0.227289   0.00535734    0.0381353    -0.103529     0.105155   -0.0931957     0.092994   -0.0507332    0.0670006   -0.0585166      0.15236     0.207222     0.130237   -0.0973706    -0.125458     0.164952     0.054538     0.266255     0.007472   -0.0744296    0.0263561    0.0330033    -0.191979    0.0586501     0.155235    0.0576154    0.0379835   -0.0248067   0.00872927    -0.100457     0.106159    0.0626269   -0.0704049    -0.160937   -0.0591484    0.0397274     0.155194    -0.229908      -0.1805     0.110728  -0.00399498    -0.111995   -0.0485169     0.603787            0            0            0            0            0            0            0            0            0            0            0            0            0            0            0
  -0.0148843    0.0108702      0.25527    -0.204449    0.0187682    -0.131527   -0.0210524   -0.0548062   -0.0415525     0.138521       0.1186    -0.058309   -0.0434333     0.135741   -0.0789308   -0.0639229  -0.00703206   -0.0227798     0.103622    -0.170315    -0.098784   -0.0619821    -0.056356     0.020159      0.13595    0.0534852     0.235095    0.0806894     0.143402   -0.0828818      0.18657   -0.0757558    0.0688004    -0.160851     0.111676    0.0970783   -0.0635325     0.072867  -0.00178568    0.0353223     0.123366     0.211457    0.0940857     0.159919   -0.0023825     0.230491    0.0227052     0.197855      0.15171     0.566324            0            0            0            0            0            0            0            0            0            0            0            0            0            0
 -0.00606335     0.131247     0.132549    0.0852813    -0.071145   -0.0990605     0.165551   -0.0667724   -0.0110389     0.132623    0.0346188     0.197027    -0.234432   -0.0708403     0.157437    -0.132591    0.0704042    0.0404429    0.0675013    -0.232199      0.25222    0.0334912    0.0331776   -0.0685638    0.0810557     0.107253    -0.299902    0.0442072    0.0465545      -0.2076    0.0775804   -0.0374367     0.134385    0.0613143    0.0769237    -0.191414   -0.0492376     0.256171    0.0461885     0.138893    0.0450801   -0.0934879    -0.122149     0.140393   0.00490096   -0.0391515     0.121825     0.135259   -0.0424817   -0.0487561     0.463357            0            0            0            0            0            0            0            0            0            0            0            0            0
   -0.334381    0.0304963    0.0451702    -0.175249    -0.081191    -0.113386    0.0760731    0.0687609    -0.164526     0.348277   -0.0962432      0.22531    -0.197388    0.0618972    0.0330904   -0.0752417     0.077811     0.118004     0.112869    -0.118679   -0.0426198    0.0950251     0.151489    0.0575579    0.0939212    0.0239661     0.184335    0.0628499     0.194606   -0.0564917     0.107879   -0.0525729     0.165987    0.0113249  -0.00975987     0.111654   -0.0734919    0.0541558   -0.0483044    0.0463573    -0.114464     0.160795    0.0507206     0.162698     0.022252    0.0596816   -0.0126018    0.0236916    -0.158444    0.0234801   0.00592356     0.477883            0            0            0            0            0            0            0            0            0            0            0            0
  -0.0937439    -0.157278     0.209741     0.106334    0.0337308   -0.0352522    0.0712346    -0.337427    0.0579323    -0.148272   -0.0749257    -0.116477    0.0352213    -0.180711     -0.13221     -0.17289    -0.195854    0.0779331   -0.0449545    -0.147564    0.0228127   -0.0201842    0.0628375   -0.0364784     0.109009    0.0179185    -0.115722   -0.0127626    -0.040566   -0.0874368     0.241032   -0.0449881     0.222876   0.00120721     0.229747    0.0319749     0.142799   -0.0178965     -0.23416   -0.0904931    -0.090907   -0.0289754    -0.122632   0.00981419    -0.189333   -0.0736634    -0.277274    0.0438936   -0.0953898    -0.167868  -0.00159019  -0.00314073     0.354468            0            0            0            0            0            0            0            0            0            0            0
  -0.0528605   -0.0279643    0.0262527       0.2142    -0.163366   -0.0959403     0.353339      0.10704    0.0574574   -0.0438236     0.107274   -0.0957865   -0.0323622  -0.00307749    -0.130233   0.00419387    0.0236337    0.0240219    0.0875701  -0.00233492   -0.0817708   -0.0346163  -0.00338528   -0.0128125     0.200661    -0.218273       -0.236    0.0826073    0.0162504    -0.104682    0.0721449      0.21384    0.0455683    0.0146931    -0.109077    0.0641221    0.0409534   -0.0900439   -0.0637826   -0.0792948      0.10467     0.333721      0.05035   0.00958408      0.18482    0.0440963     0.167053   -0.0600331    -0.232366     0.264079     0.117475     0.102255    -0.121728     0.332335            0            0            0            0            0            0            0            0            0            0
   0.0180507   -0.0792554    0.0467315    -0.135366    0.0252979     0.155287   -0.0902752   -0.0845512   -0.0508528     0.175095     0.188531    -0.140854     0.112613    0.0815334    0.0174678    0.0277565    -0.200247    0.0366536     0.109253    -0.262207    0.0927984    -0.159764    -0.171853    -0.061494     0.030701     0.191197     0.253202    0.0506329    -0.173182     0.113085    0.0758327   0.00732537    0.0390425    -0.227967   -0.0504303    -0.105463    0.0182158     0.161547    -0.139843    -0.106778   -0.0107236     0.042007    0.0761075    0.0693356    -0.155007     0.121202    0.0945126     -0.31723   -0.0553519     -0.10963     0.149729     0.138702   -0.0890317     -0.16103     0.324889            0            0            0            0            0            0            0            0            0
   -0.250982     0.147603   -0.0402216     0.210127    -0.198645   -0.0658315    0.0996034   -0.0507419     0.213598   -0.0440499    0.0145223    -0.219283     0.185917   -0.0455346      0.11263    0.0128038     0.141102    0.0286224    0.0912551   -0.0121445    -0.155965   -0.0142565    0.0816977     0.301321    -0.232544    0.0320365     0.199243   0.00758944  -0.00401466     0.116547     0.230779    -0.191062   -0.0498555    0.0738744    0.0294119   -0.0783221    -0.204205     -0.03122    -0.215961   -0.0463251    0.0942739   -0.0670377    -0.057258    0.0374593   -0.0358022   -0.0294632    0.0182311    0.0818665    -0.141721    -0.139945     0.226745  -0.00779194    -0.152255  -0.00774297     0.010739     0.265027            0            0            0            0            0            0            0            0
   -0.240813    0.0129525  -0.00523579   -0.0765781    -0.176074     0.320527     0.257893    0.0964742      0.10089    -0.133004    -0.323915    0.0644325    0.0392901    0.0642672   -0.0438594    0.0145676    -0.054966   -0.0159514     0.138403   -0.0565986    0.0135099   -0.0282619    0.0399027   -0.0680298   -0.0583204  0.000177454    0.0259825    -0.197719    -0.237224   -0.0372707   -0.0916299    -0.146602   -0.0337669     0.158567   -0.0134967     0.114805     0.116571   -0.0947948    -0.126636    -0.142166    0.0901271    0.0956088   -0.0245482    -0.102014   -0.0453076   0.00856128   -0.0632976    -0.074446    -0.137448    -0.216899    -0.117717   -0.0218895    0.0755441      0.15374     0.133156   -0.0724434     0.383501            0            0            0            0            0            0            0
    0.103023    -0.208656   -0.0317121  -0.00297105   -0.0951534    -0.242304    0.0918246     0.108045    0.0679306    -0.126631   -0.0311511     0.138491   -0.0395438     0.109528     0.141954    0.0392487    -0.249581    -0.033755    -0.209313   -0.0971717    -0.200569    -0.170476   -0.0542382    0.0908772   -0.0110564    0.0838243     0.176486     0.221868     0.102672    0.0375234     0.022355   -0.0861272   0.00466238     0.312188    0.0620252     0.152555     -0.21785    0.0269024    0.0689543    -0.100227    0.0119773    0.0538017    -0.207874    -0.118934    -0.193433    0.0286733   -0.0169998     0.216944    0.0406842   0.00302518   0.00355874    0.0139191    -0.130331   -0.0170545   0.00514225   -0.0569476    -0.215384     0.271969            0            0            0            0            0            0
    0.101547     -0.15248    0.0913707     -0.15336     0.125467    -0.274617    0.0229384   0.00888386   -0.0763406   -0.0543985    -0.182854   -0.0768538     0.024921    -0.147386    -0.117681    0.0373492    0.0124974    -0.239913   -0.0172006    0.0981941     -0.19476    0.0985156   -0.0283822   -0.0727204    0.0790577     -0.32777     0.241877    -0.158217   -0.0836371    -0.235064   -0.0156244  -0.00340832    -0.112991    0.0212001   -0.0309762    0.0202597    0.0899851    -0.118952    0.0545889     0.216973     0.129956   -0.0932286    0.0826962    -0.139747     0.117963     0.159267    0.0402793     0.105584     0.065142   0.00260027    0.0646688     0.144423     0.163346   -0.0428133     0.101899   -0.0451937     0.064985    0.0391553     0.330312            0            0            0            0            0
   0.0590668  -0.00819776    0.0535408   -0.0965934    0.0589312     0.174258   -0.0881089    0.0330191   -0.0120006   -0.0486241     -0.02984    -0.142158     0.176057   -0.0401255    0.0276928   0.00394754    0.0266631    -0.112324     0.143051     0.311967   -0.0267574  -0.00316503    -0.117002     0.190521    -0.194193     0.202825   -0.0391881    0.0260218     -0.11386    -0.066142     0.176767   -0.0120891    -0.162276     0.158683    0.0618438     0.111988      0.11058     0.147443     0.109828   -0.0669203   -0.0331461    -0.101222    -0.027276     0.173474    -0.219129     0.211218    0.0456039    -0.134829   -0.0275698    0.0735257    -0.283751   -0.0169842    0.0169879    -0.183785   -0.0457574    0.0419705    -0.224147   -0.0124508     0.137599     0.324434            0            0            0            0
  -0.0171648     0.252022     0.136654     0.318658    -0.175856    -0.136002   -0.0858014   -0.0466788    0.0354756    -0.291175     0.185791    -0.196994    0.0326995    0.0327206     0.110696     0.179584    0.0181823   -0.0939991   -0.0196988   -0.0622777    0.0440271    0.0818119    0.0408954   -0.0502937   -0.0687766    0.0909758     0.116376     0.150758    0.0917104   0.00815472    -0.127898    -0.023125     0.185574   -0.0913787   -0.0529762   -0.0666062     0.304548    -0.203228     0.109648    -0.038158     0.017089    -0.100514    0.0773172    0.0378462   -0.0239066   0.00525852  -0.00564084     0.126765     0.148254    -0.047788        0.229    -0.095218   -0.0344108    0.0659916      0.17217     0.141533    0.0276331   -0.0555869     0.144074     0.203035      0.10584            0            0            0
    0.125224    -0.013965    0.0273259     0.054635    0.0565561    -0.110174    -0.120327    -0.157128     0.184946   -0.0977221     0.195297    0.0939398    0.0744589    0.0763004     0.153376      0.30876    0.0313996   -0.0611503    0.0497166    -0.130162   -0.0277918    0.0589191    0.0583704     0.291098    0.0908284     0.109594    -0.123381    0.0843624   -0.0566168   -0.0266608   -0.0798016   -0.0663575     0.027522  -0.00674296    0.0697365    0.0336931    0.0284118    0.0670904     0.113609   -0.0476948    0.0222811    -0.328789     0.105797    -0.118395    0.0860294     -0.03814   -0.0196259     0.257007     -0.19018   -0.0746602     0.225823    -0.139961     0.126805    0.0985009    -0.206958   0.00898633    0.0975315     0.218889     0.032668    -0.129532    0.0048502     0.196005            0            0
   0.0499265     0.170588    0.0335063   -0.0923737    0.0181389   -0.0656417   -0.0481134   -0.0685789    -0.144348   -0.0103009   -0.0285275    -0.214353   0.00766468   -0.0974726     0.276838    -0.210102    -0.173857    -0.300064    0.0126988     0.131503    0.0656519    -0.114909   -0.0070247    0.0837021    -0.104554   -0.0256767   -0.0710638     0.098049    0.0944182   -0.0399382    -0.240846    -0.180467     0.046329     0.243568     0.242001   -0.0278951    0.0158664    0.0053701   -0.0671666  -0.00694814    -0.117719    0.0388231      0.24587    -0.112997  -0.00830027    0.0533845     0.201659   -0.0291608     0.108488    -0.095436    -0.164617    0.0608788   -0.0251484   -0.0185949    -0.118713     0.178858   -0.0195189    -0.251173   0.00135887    0.0703831   -0.0708274   -0.0172692      0.16812            0
   -0.154618    0.0984258    0.0440993     0.179049     0.197056    -0.139795   -0.0324325    -0.252026   -0.0159489      0.12612   -0.0927297    -0.139789    0.0135708    -0.118381     0.262142   -0.0385717    0.0850501     0.194641   -0.0172116   -0.0775912     0.160109    -0.183195    -0.021884     0.137398      0.11511     0.115391    0.0239925    -0.148646    0.0370982   -0.0598836     0.209257    -0.086617    -0.232928    -0.114058     0.238948    0.0173687    0.0618229     0.100363   0.00494923   -0.0283847    0.0829193    0.0263215    -0.160695     0.148692    -0.039764    -0.118035     0.117774    0.0135399   -0.0873739   -0.0312191     0.152506    0.0364299   -0.0158726    0.0662523    0.0805589   -0.0880054    0.0400665     0.148686     0.165004    -0.195322    -0.117055      -0.1265    -0.209086    0.0790015
[       OK ] generating.lkj (7 ms)
[----------] 1 test from generating (7 ms total)

[----------] Global test environment tear-down
[==========] 1 test from 1 test case ran. (7 ms total)
[  PASSED  ] 1 test.
